0 3
0 4
0 5
0 6
0 7
0 8
0 9
0 11
0 19
0 20
0 24
0 31
0 35
0 46
0 47
0 56
0 57
0 63
0 68
0 69
0 76
0 92
0 94
0 97
1 3
2 3
2 4
2 5
2 6
2 15
2 21
2 24
2 35
2 38
2 52
2 54
2 60
2 71
2 85
3 0
3 1
3 2
3 4
3 9
3 10
3 12
3 13
3 14
3 16
3 17
3 18
3 22
3 32
3 33
3 34
3 35
3 50
3 52
3 58
3 59
3 67
3 69
3 71
3 74
3 77
3 83
3 86
3 90
3 92
3 94
3 98
4 0
4 2
4 3
4 5
4 6
4 7
4 8
4 12
4 14
4 20
4 23
4 26
4 29
4 87
4 99
5 0
5 2
5 4
5 7
5 10
5 16
5 26
5 58
5 96
6 0
6 2
6 4
6 8
6 9
6 10
6 11
6 13
6 25
6 33
6 34
6 36
6 42
6 43
6 44
6 45
6 54
6 55
6 57
6 59
6 72
7 0
7 4
7 5
7 12
7 30
8 0
8 4
8 6
8 15
8 17
8 26
8 29
8 32
8 39
8 49
8 51
8 70
8 80
8 89
8 91
8 98
9 0
9 3
9 6
9 11
9 21
9 27
9 29
9 37
9 39
9 52
9 60
9 62
9 66
9 79
9 86
10 3
10 5
10 6
10 41
10 61
10 72
11 0
11 6
11 9
11 14
11 22
11 27
11 81
12 3
12 4
12 7
12 13
12 16
12 17
12 18
12 20
12 21
12 23
12 24
12 25
12 27
12 28
12 38
12 45
12 48
12 50
12 53
12 61
12 62
12 67
12 71
12 72
12 73
12 76
12 78
12 80
12 82
12 89
12 92
13 3
13 6
13 12
13 15
13 41
13 56
13 60
13 61
13 81
13 94
13 96
14 3
14 4
14 11
14 19
14 36
15 2
15 8
15 13
15 18
15 28
15 74
15 93
16 3
16 5
16 12
16 37
16 40
16 43
16 54
16 75
16 78
16 82
16 87
16 93
17 3
17 8
17 12
17 23
17 28
17 42
17 59
17 63
17 77
18 3
18 12
18 15
18 19
18 36
18 49
18 64
18 70
18 79
18 86
19 0
19 14
19 18
19 37
19 44
20 0
20 4
20 12
20 22
20 73
20 77
21 2
21 9
21 12
21 95
22 3
22 11
22 20
22 47
22 65
22 68
23 4
23 12
23 17
23 25
23 30
23 38
23 47
23 58
23 64
23 81
24 0
24 2
24 12
24 31
24 32
24 33
24 39
24 48
24 51
24 69
24 84
24 90
24 99
25 6
25 12
25 23
25 40
25 41
25 44
25 55
25 68
26 4
26 5
26 8
26 30
27 9
27 11
27 12
27 40
27 45
27 50
27 53
27 56
28 12
28 15
28 17
28 31
28 46
28 53
28 88
28 93
29 4
29 8
29 9
30 7
30 23
30 26
31 0
31 24
31 28
31 46
32 3
32 8
32 24
32 34
33 3
33 6
33 24
34 3
34 6
34 32
34 65
35 0
35 2
35 3
36 6
36 14
36 18
37 9
37 16
37 19
38 2
38 12
38 23
38 42
38 62
38 84
39 8
39 9
39 24
39 48
40 16
40 25
40 27
40 91
41 10
41 13
41 25
41 43
41 55
42 6
42 17
42 38
42 49
42 57
42 85
43 6
43 16
43 41
43 51
44 6
44 19
44 25
45 6
45 12
45 27
45 64
45 95
46 0
46 28
46 31
47 0
47 22
47 23
47 75
48 12
48 24
48 39
49 8
49 18
49 42
50 3
50 12
50 27
51 8
51 24
51 43
52 2
52 3
52 9
52 97
53 12
53 27
53 28
54 2
54 6
54 16
54 65
54 66
54 88
55 6
55 25
55 41
56 0
56 13
56 27
57 0
57 6
57 42
57 80
58 3
58 5
58 23
59 3
59 6
59 17
59 63
59 74
60 2
60 9
60 13
60 70
61 10
61 12
61 13
61 91
62 9
62 12
62 38
62 66
62 75
63 0
63 17
63 59
63 73
63 83
63 85
64 18
64 23
64 45
64 87
65 22
65 34
65 54
65 67
66 9
66 54
66 62
66 79
67 3
67 12
67 65
68 0
68 22
68 25
69 0
69 3
69 24
69 76
69 96
70 8
70 18
70 60
71 2
71 3
71 12
72 6
72 10
72 12
73 12
73 20
73 63
73 83
74 3
74 15
74 59
74 78
74 82
74 89
75 16
75 47
75 62
76 0
76 12
76 69
76 97
77 3
77 17
77 20
78 12
78 16
78 74
78 95
79 9
79 18
79 66
79 99
80 8
80 12
80 57
80 88
80 90
81 11
81 13
81 23
82 12
82 16
82 74
83 3
83 63
83 73
83 84
84 24
84 38
84 83
85 2
85 42
85 63
86 3
86 9
86 18
87 4
87 16
87 64
88 28
88 54
88 80
89 8
89 12
89 74
89 98
90 3
90 24
90 80
91 8
91 40
91 61
92 0
92 3
92 12
93 15
93 16
93 28
94 0
94 3
94 13
95 21
95 45
95 78
96 5
96 13
96 69
97 0
97 52
97 76
98 3
98 8
98 89
99 4
99 24
99 79
